
726
741
714
737
736
696
692
696
724
695
729
654
715
729
720
717
739
694
711
730
727
729
715
670
714
721
711
724
696
755
706
707
674
747
731
670
704
711
703
728
725
688
708
749
676
700
746
679
734
690
702
700
710
700
702
713
703
722
718
705
701
757
695
709
708
671
732
708
682
707
748
707
720
730
729
708
722
704
710
710
719
729
722
680
694
744
707
719
746
729
666
705
669
714
721
708
712
701
697
657
765
637
743
753
762
684
742
744
710
690
735
725
709
714
711
772
704
770
709
741
681
680
680
749
707
699
692
720
781
733
751
716
682
733
734
691
693
700
688
723
721
692
703
664
640
730
709
686
716
715
682
698
736
677
733
643
740
735
712
779
684
716
695
677
730
718
764
722
716
695
665
682
670
707
764
740
751
763
637
701
714
715
652
715
732
709
736
746
691
695
734
667
717
677
703
677
677
680
723
664
701
674
726
677
684
719
702
709
721
729
720
704
695
710
639
639
686
795
704
681
705
752
728
770
694
701
752
774
768
758
735
757
755
711
724
702
667
656
709
678
695
714
711
693
674
671
718
691
679
689
717
716
679
745
708
686
685
751
719
721
696
727
729
710
695
757
692
710
747
726
704
703
675
704
723
690
734
707
696
731
729
701
705
724
682
795
703
672
712
684
734
678
687
733
731
735
749
680
678
681
680
730
704
699
725
668
775
681
664
697
686
694
713
659
721
728
585
791
659
696
707
721
745
714
663
742
794
694
711
805
694
718
804
678
764
712
707
685
731
743
726
726
674
724
718
676
751
747
688
768
742
683
710
704
692
665
608
744
689
679
741
602
736
738
759
835
714
683
773
718
796
679
697
790
632
780
696
654
776
768
663
665
671
782
754
823
675
620
758
750
724
664
742
687
685
734
680
685
675
740
692
770
640
704
696
713
748
705
719
693
694
755
682
710
699
712
731
647
745
744
782
784
693
650
659
657
684
660
698
743
721
729
754
679
704
693
668
693
709
747
694
722
699
680
683
660
707
657
682
683
644
682
707
715
645
710
629
666
666
686
723
706
722
697
717
726
710
668
735
720
753
748
711
736
688
717
716
707
703
690
698
690
741
685
732
662
747
736
698
737
681
742
760
751
753
673
698
713
707
679
758
763
710
696
729
704
711
718
711
689
704
740
715
751
694
689
693
724
678
684
719
685
731
701
727
716
733
721
708
707
699
729
733
732
687
719
711
771
712
698
701
757
678
708
708
720
696
716
714
733
697
701
695
723
679
722
720
719
727
718
706
699
728
751
715
703
698
801
683
681
723
685
679
693
702
713
705
684
732
701
689
727
708
764
717
731
729
676
706
724
726
722
715
729
758
738
712
702
680
689
712
706
698
713
704
703
709
706
716
704
707
698
714
708
707
708
717
707
711
702
725
706
717
707
709
706
707
711
713
715
713
709
711
709
714
710
714
710
710
712
709
710
710
709
709
713
712
709
712
710
711
710
711
712
711
713
710
712
711
713
711
710
713
711
712
713
711
713
710
709
713
717
710
712
709
704
708
712
707
707
706
701
706
713
718
721
715
715
705
706
702
710
714
712
713
706
709
711
717
705
709
715
706
713
710
716
716
714
710
712
715
714
712
703
694
709
718
715
721
711
708
711
711
713
711
714
711
710
711
708
708
710
712
713
711
711
710
711
711
712
710
709
710
711
711
710
716
710
710
711
709
711
713
713
710
712
711
712
711
710
710
710
711
712
712
711
710
711
710
712
709
712
710
712
712
711
711
711
710
709
711
710
710
712
751
796
724
691
700
709
709
712
714
711
713
710
710
710
712
713